(156.6072500979525, 111.11163183855784, 112.64540421474581)
(179.73266364504175, 95.83434787858378, 160.8919398870368)
(185.0452772829968, 109.35671491751793, 148.99549113714346)
(167.09128882187127, 146.38560376958802, 138.003262012621)
(168.918001325271, 124.85277069735669, 119.51996466110069)
(181.73790655842916, 154.35631289811164, 157.57893350838324)
(124.98711860422578, 60.55889016388572, 54.73502613740544)
(172.08166514257184, 161.75002773233544, 162.34020596915806)
(201.57932764111416, 159.6621466151888, 145.03699541299375)
(158.8318822583224, 126.5629023381376, 122.36551568427635)
(145.1442340111508, 99.97228201672357, 93.4041768245589)
(160.7201859947631, 120.49734461016374, 116.31574480072265)
(154.66770304487122, 131.59168975230745, 128.06453684003046)
(180.01300392821383, 163.76558873171712, 162.92005257732603)
(177.07530149105455, 155.92228657996196, 157.8390096833544)
(160.89956430232354, 152.0425649840832, 153.36771984934384)
(181.31564206059124, 161.53982536940288, 166.31531307251225)
(169.62371513485107, 127.2935718115284, 122.1532416621549)
(159.85146194951943, 109.36918852089313, 107.79132064241823)
(157.22048173921115, 102.23703469713215, 95.1847099910587)
(182.76142909746807, 119.71364602758439, 134.39795766864702)
(181.0708217657015, 118.38359359873684, 140.52778546902763)
(195.24684539092559, 129.5659589474105, 148.40911479434237)
(196.54607940478516, 101.4183232804685, 128.3870207626448)
(159.31134436816842, 108.79615229345636, 106.81658023048298)
(166.02217997833543, 121.45271183733409, 111.08599833510958)
(166.14675470805273, 90.87212483714731, 108.13177484300907)
(210.22503160997113, 57.46188920566352, 112.37706221182768)
(176.45891676762173, 154.83216861366455, 156.73130359792518)
(169.58071503346412, 113.38566082234102, 114.63045450715771)
(171.92858368988558, 157.91382984395176, 150.00090861204094)
(175.4775193108915, 155.58469620277643, 150.35144277725837)
(178.65713232616812, 144.66621270007732, 133.9307742526585)
(148.88092484528818, 89.55724076646221, 75.57794590655175)
(188.6260993823737, 129.5366540509596, 132.82639773281136)
(154.0974883445346, 102.86808850731617, 105.50230444758687)
(170.41778993289205, 132.584175412977, 123.51771179269274)
(203.44929502448753, 175.845482593607, 154.05192629809503)
(195.56884790446244, 131.36938242605464, 142.65158575565957)
(175.14770486308748, 123.48158878805572, 115.98423251774142)
(173.60063522524732, 134.41016510358324, 130.53386410383726)
(190.3913731498574, 129.68076572690475, 130.3024514617539)
(171.29433361161918, 116.15389967601963, 116.03934909671503)
(155.51251057566614, 111.58228680033271, 113.21526331928722)
(176.22649005096974, 90.86478964326537, 102.25215669062565)
(158.0692426148635, 110.29484653810952, 105.90408910349726)
(166.0071681524912, 146.05177391894478, 140.93147976829928)
(165.24670705678895, 122.46527999220442, 108.37665628303475)
(152.24835840768284, 109.02340502620068, 105.41014031238296)
(156.98283400327978, 109.78270848583709, 101.84593637459457)
(180.40104634773644, 154.6507335973532, 152.8781457235849)
(164.08740430797175, 136.50857557360197, 133.154935825619)
(177.62816219254017, 127.42187863064582, 122.93207375018909)
(194.4251081891218, 150.86762168118446, 173.65695514120685)
(182.49528479453446, 131.8757180360777, 162.67333085637225)
(208.0316610577939, 148.328268120395, 138.60317266337756)
(166.65806639070476, 80.4682574508479, 102.08405282313294)
(156.47547817627742, 98.4559878599718, 93.65218002686024)
(156.10089175371544, 124.50086428829523, 119.80000392367866)
(167.74913565880578, 139.76300596086304, 117.8028076970626)
(158.40886257289094, 116.0030101677733, 103.5639660654598)
(141.30961093566933, 97.59512338838894, 95.24394441081168)
(155.23674530341526, 49.92942934376479, 64.20202290090981)
(162.04086702545933, 110.40873104701532, 103.84425543199576)
(127.61371845205363, 67.13643742660915, 57.557470102231754)
(155.95856620174055, 103.26396026246806, 97.00223790463232)
(177.80777544749222, 96.585685841001, 92.82279133293483)
(179.15208548719067, 143.64608718963845, 151.71634075870665)
(168.51413726427992, 124.61174244650898, 116.90873109433142)
(182.30610459929483, 98.8928601177723, 120.50797584333826)
(188.12399328613094, 145.83541092408862, 144.37766981318032)
(156.90826428764007, 135.10760058034, 136.55383643971356)
(162.02922357721297, 142.1294933242989, 136.94155579688768)
(165.3391763213664, 124.57098552518346, 126.21811267357441)
(163.54618474642558, 73.22789272687572, 72.76656865505633)
(148.09924041881146, 112.19029393508907, 109.27829380942174)
(170.7775494291252, 132.19824186620085, 125.12811932407496)
(203.72652112597106, 58.5988248811289, 108.07290959416625)
(207.03900923609524, 113.30031185834942, 159.73517774739827)
(187.38585541280523, 130.5775584994247, 122.67725348266585)
(174.5836992195438, 96.38106299832695, 117.06528454036314)
(152.39914216814583, 131.16108547441132, 125.3341079966359)
(167.166067674646, 122.14526786224653, 116.36089298449168)
(180.74828233437026, 143.59732565084133, 153.0731735708457)
(182.18678338582495, 154.8746046395178, 153.54135493301985)
(166.65246656004337, 146.44225372108286, 144.1273869339477)
(167.39940803990748, 150.60571219829822, 149.50910526443758)
(174.33462765401234, 138.3487131546909, 134.20078012006738)
(196.51474719106025, 169.7244862908006, 160.0607272075233)
(195.81514558161157, 134.39363098852854, 126.41079147094052)
(160.11004236916003, 113.86062019959354, 112.73734250456029)
(195.04256248351132, 137.81724426571685, 129.30507965675864)
(160.2547152133191, 144.93612294727282, 133.2451938092473)
(173.68654057964474, 141.56133908447273, 128.1066060672596)
(189.32784942313143, 141.36166180440037, 132.7137840913626)
(188.6360004292941, 118.55666734250676, 120.22720306739461)
(153.28611622854368, 89.40178972100409, 77.9857725737503)
(184.38510290170282, 156.40910179732282, 159.2063921268358)
(166.93896286954293, 111.44690814500669, 131.16319378303865)
(174.0471742424089, 118.28334086629592, 113.28825651153493)
(199.4603034368238, 133.39887438239847, 156.94915905889815)
(135.81421702368888, 71.68018214193695, 66.5635141420199)
(156.72480827067594, 130.63040267613033, 136.7045291434136)
(162.34236574331223, 77.92997599792763, 98.04216989880551)
(160.9759090856964, 114.80116591763183, 105.54895144074246)
(149.84909367080397, 95.71868017371555, 90.55229908862752)
(161.9992939675579, 109.41715836788126, 99.10273365072696)
(176.99137289507092, 149.4781128372156, 145.78696977887017)
(164.5104592526755, 127.40459115089035, 122.8637177033584)
(196.13539570430476, 157.23835322502836, 166.29298985506156)
(164.81972767882027, 143.1282513131444, 156.15855974740091)
(179.86789648624074, 154.6658109573855, 149.95594147545978)
(154.59880686928543, 111.2087151696614, 109.0990711890966)
(209.57004523693067, 115.74564539505393, 131.14912029519755)
(146.22435483546838, 79.18315549845062, 71.03803092533546)
(191.11492159266746, 110.32535762608505, 135.6788027125045)
(171.5875945840618, 118.16433244095015, 130.76075732002735)
(203.04273690661145, 143.67646729450794, 145.8097556374957)
(204.11489161573832, 102.68279031877226, 122.67470798603293)
(142.6158997086734, 88.98079468186516, 81.69028047598886)
(186.89174606788035, 158.30970649496567, 157.77135752076097)
(159.12143973856217, 94.70013260600341, 85.41687210204931)
(167.86405263314163, 133.71395241260277, 139.0712590160332)
(187.88119770576824, 146.85188670883818, 145.35303326744022)
(167.97737183339194, 112.84969324151213, 105.23715212393155)
(158.3750991948609, 125.73749673271658, 123.32154454407055)
(167.67672846052216, 113.22979510428216, 116.31473931321312)
(162.2124019843513, 114.98965444619894, 116.66695649619191)
(175.09720210601904, 158.9557875566139, 154.8111188467692)
(185.81750777461312, 129.54954300604672, 172.71023945110278)
(202.79084262043955, 145.28465711430698, 152.50471725927835)
(210.08246947423018, 144.44440077548455, 128.92695121803712)
(160.61633052704545, 138.297428813149, 135.97678181592596)
(195.26128463111195, 144.50696040558617, 133.65691987344198)
(182.61504880428222, 114.21329096414395, 134.20348592589048)
(178.54505351122958, 155.03183434287126, 149.6674827016189)
(188.7548418091189, 146.0544156764124, 157.10734567159074)
(169.6539535783493, 108.5324226825564, 127.88831781066374)
(154.22126330628842, 88.74574128841705, 78.39941533198916)
(149.7673092142041, 76.47457618571971, 96.20493303149436)
(149.7016965710443, 120.68398938394142, 136.71587879787535)
(193.3779609242116, 137.21170949831426, 157.48909310877383)
(163.2877445463858, 133.95685927065247, 131.27086276671207)
(182.8862187937913, 83.22195019066434, 84.82057714237202)
(186.22171228382092, 154.9883745120583, 157.18988158143773)
(194.69802213348515, 148.19785995316403, 131.41522918738113)
(168.74165639885516, 155.78007168345735, 154.9807849707461)
(153.85672410021056, 94.39335664938817, 86.15271579259684)
(186.6167051437076, 139.06186703149638, 124.4437283286021)
(152.63314420813776, 107.3721601655552, 100.30608156024884)
(160.83281578240764, 130.05456592192596, 129.8652575098901)
(192.96246829196912, 115.38449904138258, 138.70998820993668)
(167.93215886916673, 90.73193351241267, 96.88263711174204)
(165.18531296198643, 148.04971919151922, 140.84449730404737)
(188.99786143403426, 169.47646534959628, 156.84549605500965)
(166.23556167920881, 125.70584892943978, 112.15664367375992)
(189.89956006303595, 151.5822966068626, 149.7481590399432)
(194.65991152488564, 165.5734035973879, 163.1076573450009)
(168.66001029947927, 135.1397307437993, 147.86940925475997)
(151.29648676042146, 90.00439626806337, 82.70290054962084)
(188.71421725396408, 172.6263806981435, 173.3287601834187)
(175.97668972108482, 77.12055947039116, 84.33511601783145)
(147.93112522418056, 90.38412572410584, 86.00701243709611)
(206.76125863592455, 176.84089180623647, 173.35701212580986)
(163.63291459047034, 111.55008933931514, 111.52040800792557)
(162.86700495950484, 108.5346204962536, 121.89764874724446)
(198.9962377979664, 148.82790122208152, 138.84938857218285)
(152.42546659601325, 109.671939980669, 102.89065558453375)
(167.3290199761513, 162.2152513376713, 163.0620558751608)
(169.8799677301756, 125.14291460901215, 117.45961587178677)
(168.38224139720833, 113.78070245666359, 114.67195955468752)
(163.92450533629628, 108.47833628506469, 100.99996020134785)
(151.07543673909166, 105.79814392667959, 98.7155335400939)
(169.78346629828437, 148.58333407128467, 144.86738624194044)
(183.37064720377208, 147.33929365021808, 155.69030610872053)
(204.52082238124223, 149.9720443878839, 174.79816866277676)
(139.78697288606705, 93.92448025851826, 89.91859652619144)
(174.14511411562776, 116.1316941294191, 122.03518061055857)
(165.82210576812903, 90.65193416419007, 101.92722446986484)
(182.75688813656336, 166.05851265868185, 167.5371791409179)
(167.65089579726902, 112.71831368237919, 115.3060463360047)
(164.18762085548684, 109.66740880031887, 97.21653154505142)
(164.37729903342307, 94.0968559967906, 115.55739921074388)
(132.9340524513971, 70.54323323913192, 60.469347862258736)
(176.88433958170276, 142.48883392378525, 143.9140593683324)
(193.0500263390809, 137.93015726446856, 143.78811312149207)
(166.97510956834873, 114.67688950664899, 127.40413396453117)
(188.12967848169225, 130.08455201068435, 122.62218051773309)
(153.8837547065678, 43.79667232730818, 66.43314177344794)
(148.7384456462649, 116.40003052008264, 112.4647272706131)
(130.7024028198589, 57.93488541475489, 48.87887012438313)
(149.7329566797418, 113.87512596516662, 114.36095524871943)
(170.72597014574254, 129.16810353716167, 134.6399732189868)
(183.8621391617407, 101.06746513846625, 121.33662935064899)
(170.63289414168653, 123.65908009206308, 121.03556890439086)
(181.1544309526706, 159.69449407559665, 160.31037826788753)
(173.75693630508204, 144.6549132776808, 141.85549089539714)
(170.3662951893197, 152.5992650911157, 145.35232747577072)
(157.06524542366373, 114.13512573081256, 107.74450602550041)
(171.85667474439367, 139.77136853932888, 130.97993480696994)
(162.4452546179586, 145.48866287715768, 135.11119904161703)
(164.7884699159928, 116.84448721815991, 103.90655531005793)
(167.48752792439532, 139.6896638400064, 133.8532571300078)
(161.86321208575094, 125.010005866898, 149.34121443243993)
(188.77356202057595, 173.81360900335451, 176.0446964760055)
(213.4359526412206, 55.70483280567301, 114.97497858810374)
(149.66758247545377, 125.12234081786724, 122.38943386690498)
(184.91004031536778, 102.46235252261032, 111.63771565779969)
(177.5172144641001, 164.81249594525733, 161.1283918029672)
(186.27028428103156, 171.81870327484515, 172.8443089771795)
(192.12057002647683, 146.47228135178202, 141.86823960184464)
(174.42665206710979, 129.34747713887222, 129.5496729897842)
(187.7607831267436, 109.58464487488976, 122.10461472722503)
(187.81652913228422, 164.09093939065576, 160.28210881534102)
(185.21133009616645, 108.53465061128159, 127.9730551378321)
(159.76239255553713, 114.52129362507941, 109.35547467925818)
(181.20304570049785, 108.97801957602542, 133.8632159507552)
(160.82245276901938, 145.2824339060823, 144.46227710805456)
(173.0921043777347, 137.82161770174065, 128.45446117736935)
(158.6942556250911, 94.15751252751971, 84.93995396881435)
(157.22552496288975, 80.89990853190426, 86.38630816411305)
(178.29554122734288, 106.81650723608354, 94.74311409411914)
(167.57475912237715, 104.16382094908397, 94.89388282745604)
(154.98000766196313, 102.06076937903421, 90.8673467202533)
(201.94988109046895, 52.446672497492294, 121.54132107549006)
(181.5312612542882, 129.8846580744991, 122.5093340969746)
(157.5429241019794, 76.50098270336113, 83.44901825075317)
(167.51810927761636, 128.8442137373269, 124.02909659806144)
(172.53538268050224, 124.61223989230668, 117.37763675451212)
(166.6897212197877, 151.48972672039056, 156.010783063722)
(155.0467141960259, 102.56976930091383, 98.55670957738421)
(174.73447061338922, 120.15825269201233, 113.78946385364314)
(167.7267725891551, 114.3815947487779, 106.71076159876637)
(196.7761870681572, 148.24760833679971, 143.84725780310174)
(161.07447427755955, 114.90543223243272, 102.03985653674626)
(178.72927635125947, 134.624164997712, 140.2240084908971)
(163.17766483298826, 135.13738967419243, 127.21555215853716)
(167.9803434578566, 136.40478419449184, 137.8602099729757)
(142.2241237309724, 105.59944706791711, 104.10576067470575)
(177.149273240111, 130.93304299559887, 138.74422750157663)
(170.37273332547005, 126.10402224573366, 115.96956578059479)
(193.0814665582993, 139.20049905950978, 125.98393040471367)
(142.59643564572696, 111.978051758226, 109.87950258843613)
(192.8041785873123, 140.61962233150393, 146.68041964500037)
(205.84806703282655, 154.11593432215486, 137.54988854568577)
(169.95507202002878, 141.90327800538427, 135.57567735383225)
(182.12411283473907, 118.1085787899687, 130.00141163868588)
(159.09677561501255, 88.98814183145166, 88.98047484513575)
(131.2177712674168, 90.0790542717955, 84.15066481989282)
(162.21667937945807, 132.37174408197833, 124.58636480008059)
(171.31609045411938, 124.88624578769068, 113.64983604320423)
(154.93298203418811, 119.61696020189387, 116.71941458011696)
(184.05911778075244, 141.95040776104943, 130.4672154009167)
(183.38739392938422, 124.94667346384266, 132.30945218183152)
(159.13975210235733, 135.24764566485405, 130.3994637348459)
(189.55282963295846, 146.7584106322161, 142.380697729098)
(203.80204904994704, 145.36726592809407, 151.60374125595538)
(183.65613226175253, 100.86459555550637, 142.24808228633498)
(169.01155926849708, 139.93727009626426, 131.55079382422815)
(165.79683840356068, 124.50264376847943, 109.75815493871893)
(177.06784512329398, 75.1285153163524, 86.19189090784208)
(198.22073980606882, 143.58942090575133, 147.60261433567842)
(141.84976920793088, 72.88377173640272, 67.6980299565437)
(183.75212876099718, 139.5812053324967, 161.24938314963694)
(174.75084877678552, 115.64791432586769, 109.01269909542604)
(153.82166014910368, 114.3813248116904, 104.78648450919157)
(153.5587234589008, 119.91622278690845, 110.06418440149446)
(175.07860315955773, 96.95706739298545, 111.56065806016828)
(160.577182353913, 110.48550991967929, 107.28031940684173)
(166.50474953133013, 135.61504008742668, 129.56815449217063)
(163.16593120557806, 135.44166043281848, 136.05167559029135)
(167.9706016264443, 157.49088218674845, 160.75719455509702)
(163.83288200354536, 115.26807332821626, 102.29426491086186)
(163.34596525286858, 143.0306565713603, 142.18480248830068)
(156.9705903270897, 111.83124703657722, 108.18428165004998)
(188.03302958223495, 103.47325333205335, 112.49164510844659)
(147.83631772383885, 108.46122902403833, 104.45058505142639)
(161.19828749291617, 136.7992094299643, 134.75890278836548)
(202.50557266893836, 57.32529153518422, 105.16116695945118)
(177.25636054102057, 122.61137744720459, 116.13875555654671)
(162.42091842977592, 124.33668215733879, 116.39598874895017)
(180.34530656771244, 148.3118454853365, 136.25008195401162)
(150.92891522076658, 111.20638736070683, 106.20356326707598)
(182.9273694320936, 152.6298977751768, 150.6790296950602)
(129.78572489602809, 72.6430273321523, 69.70239453357622)
(176.03748256981416, 83.26823784641188, 72.63424260693714)
(192.504496266319, 159.1749567351917, 157.6114832764055)
(154.69537246556018, 110.25076829795795, 125.3077953769158)
(194.825113154718, 161.85351284352464, 156.01900712079828)
(180.91858385124522, 143.29881095394072, 134.28886379071656)
(156.91112095372583, 106.07382288169981, 104.4922919818669)
(176.83558657687132, 150.98242499615537, 166.35517162950987)
(178.624120913528, 120.72860109753992, 112.71040879941)
(206.96307874782642, 170.7376710681321, 177.25883931295704)
(171.36423023589168, 118.03322649419293, 133.20424275848504)
(146.69358161060904, 111.23380430668871, 108.29811135776592)
(182.2098723593055, 125.36789368880927, 140.4657175590637)
(197.0272338915302, 153.6624558394545, 135.19177247946402)
(186.23891048733063, 64.3987003182977, 88.25476863225721)
(165.72258843336868, 139.70341815229904, 136.44557311188515)
(207.41470357810678, 59.35418013309173, 109.59971699666416)
(158.73354446357254, 121.96740332760167, 117.5418565691608)
(190.17260384613496, 126.62282478299194, 128.34937698224346)
(193.20534641693342, 160.60239964322244, 154.32962236104694)
(160.09807235867507, 144.59982743693982, 145.5461885943059)
(181.40448850844163, 153.63316126190955, 148.0605734788076)
(178.9775290894999, 151.52458537803153, 147.9390766408664)
(168.41740965268858, 143.0059847714527, 139.88198160759669)
(163.52098837793343, 146.31130885773413, 157.5269266974249)
(186.52092189195028, 144.42917493769235, 143.110107249741)
(171.9491749213573, 117.6017606785205, 119.83224040010481)
(183.26375995719977, 131.10318673449942, 126.06963344065703)
(201.2977475089728, 142.31189537265203, 173.58655961682715)
(187.67220397114656, 123.64676256173048, 142.58431213441804)
(171.0613820849164, 143.2566897919333, 139.6038628533131)
(171.53294931667827, 118.74025077426059, 106.7995715007264)
(182.84229964454263, 165.57558554617071, 168.01858233711485)
(152.6959908774693, 103.63048313866679, 90.70296655279014)
(167.47637830427846, 148.98037924082718, 151.5892834821494)
(160.670977992081, 142.0904742825586, 132.96130306844202)
(182.28833109392167, 125.58408611043842, 114.0307203921646)
(206.76452696726102, 139.41028293547956, 141.9298261124966)
(165.17648816747422, 135.6875336572998, 132.92085298530208)
(167.8175769708728, 123.3528099129215, 116.73931064333891)
(172.29815277564452, 125.71342914606743, 119.7533121979307)
(170.22407295833875, 133.51587400022873, 126.01629041589482)
(148.94313095515986, 48.87488389107968, 62.109893666588306)
(158.6899857016913, 113.89190326964919, 116.28715692776235)
(183.4316473577007, 122.49122610434571, 114.66729375962967)
(193.03399390510768, 161.32940376264534, 154.8882730679997)
(190.94197937901265, 123.32208368304947, 125.61357750875239)
(160.3132281587428, 125.97556399657464, 126.58162309034024)
(157.9610577065882, 126.13634824858329, 119.02425151035418)
(182.77560795863891, 158.31767379012433, 159.64900106457702)
(191.28565613358572, 114.53741349875747, 123.26423359439671)
(165.59764126356777, 56.52683546597828, 65.00312791677376)
(169.10437360180907, 119.56457556948578, 118.29178032399099)
(184.09897597709175, 169.6536406891562, 178.25125954523475)
(165.08072316297023, 125.10230069492566, 123.78087639438094)
(184.24283193655313, 144.63426996022898, 138.0505050727973)
(159.09444969536398, 129.60129554894348, 126.34464711362892)
(166.12702717903116, 132.02116281615363, 127.16451094823387)
(183.18000284798043, 134.91665430546493, 127.76824058530228)
(197.83270450295728, 175.3609870711659, 174.1856425463101)
(219.24341872514293, 55.76406149625976, 70.0288472539262)
(145.772674581474, 113.05004940633347, 111.6482530786643)
(165.95561347896944, 131.29459360947877, 125.55632475898165)
(194.36509610130074, 172.19752248021646, 170.51097429847218)
(190.79541790938674, 128.17290887921052, 138.70226901593438)
(171.96604885531244, 160.05571692801837, 159.46870625340526)
(186.04901861855367, 129.25093496918805, 122.89144267762349)
(183.38210305526158, 146.85024558164113, 146.7832127643551)
(161.6874574093893, 91.51614946024625, 114.34979980950528)
(174.39545838773518, 148.83543984520665, 135.842672883913)
(174.55232612239826, 141.44686753739046, 137.6559098252019)
(164.19591089969026, 109.7733882810564, 116.51170006156158)
(185.64383565713047, 60.45356304068762, 108.07545262650916)
(161.78811657433056, 95.83750512538948, 81.3628660946646)
(181.0620424148425, 144.85984086108928, 127.4627470090478)
(188.82133312652851, 165.25263368237856, 155.22632966669664)
(173.2959037898426, 137.19666482292644, 148.95068812418515)
(154.7166853764514, 129.05574428568315, 123.40902358604689)
(168.40467121987837, 101.62959880578028, 89.73632131077913)
(182.8878898933983, 69.70500427217696, 76.70060703855434)
(191.95837923389718, 130.2933377674285, 163.51928712898058)
(163.50771143713973, 132.6339860179868, 124.52731464540872)
(181.70380479105444, 146.71925528231284, 143.71237963963685)
