(116.56107650427325, 28.082411524519948, 24.759967391263032)
(117.63190443837816, 18.662612515534864, 9.099856944812462)
(177.7708893803067, 9.657140278460114, 20.517448459966257)
(159.69603924956766, 95.4565864358122, 88.83397402596957)
(189.52805285407092, 148.17544488460874, 141.6907793608321)
(118.84290741677835, 48.46565414223786, 39.684877565662035)
(145.07955581823163, 25.79525516978198, 40.07308262457028)
(164.18900265338976, 24.76019978149464, 26.493413454002905)
(121.37127473697566, 8.216332276213459, 15.407242479186557)
(115.45700218654208, 48.21829567600233, 40.10370227129022)
(144.37485325335192, 95.51253127632683, 87.4233923086985)
(106.20385879701608, 33.42848935349944, 35.63872419814125)
(156.16977737871156, 84.51428588426899, 74.66769745862571)
(195.11262581496422, 11.277611374796152, 22.21802799378733)
(132.538525013897, 83.03884994729556, 77.59517526752504)
(133.62455553172498, 47.058211117674595, 35.88725372342994)
(184.42870603691404, 9.88902106181943, 33.63192885042364)
(146.88706266709906, 83.77533115540389, 75.6107781408498)
(112.37694079284444, 41.735623701930415, 34.10818748255457)
(167.23294767217152, 27.107284442983364, 19.329704286586086)
(104.98920463571234, 31.435465947017097, 34.81089884932173)
(192.27875103569903, 170.84839053596127, 167.75846308730772)
(173.57656510359996, 149.76700785526918, 146.16851047373854)
(109.95629137117992, 30.22942671394624, 21.362576832135588)
(132.60838629209417, 76.89375779538203, 72.23266021264563)
(203.06280377416562, 11.331725212453309, 22.841003179224266)
(167.27136317392026, 26.08431871222588, 33.62378672730633)
(164.56517472463383, 103.52068168824904, 94.62251940568598)
(144.1411497501632, 75.61189064756188, 68.32507953941682)
(150.2296967583173, 81.11601514737315, 73.03502076558165)
(180.51208378852223, 5.946505716098381, 15.84896424670784)
(159.17625296373882, 90.07339217716684, 82.31885402703908)
(110.66779664498009, 36.467913893955696, 29.25413405463455)
(193.02739360211075, 24.125330297413125, 36.07648242297169)
(213.34199571459848, 41.94118007666834, 41.393756896769965)
(149.1735564969493, 12.835328464637495, 21.91215531361082)
(184.88419285753253, 116.05849799102548, 99.89562105805325)
(149.23531724565296, 69.48289980520083, 54.77076367763987)
(158.44452710778143, 69.99060479260137, 55.58619330894316)
(225.52679321049794, 47.23905289632348, 49.89418522477282)
(153.74459374442796, 71.82642677592486, 64.75859491996218)
(159.48109297490282, 108.75648347197229, 100.48044686087727)
(168.82985334466494, 132.2475559241106, 124.31700340593743)
(92.32372508787513, 12.390633193998358, 18.59046947321608)
(127.36073353731608, 55.801429203574216, 47.36848139995178)
(131.28360165958065, 53.1153912934556, 46.71929614482468)
(131.84177129429608, 66.22531800693781, 58.93808954270453)
(165.51995081506905, 115.82314333176716, 107.45232147914338)
(142.9927848248557, 47.04768000535617, 23.514518461874022)
(169.14774936836653, 116.5337305297381, 112.20687167699117)
(148.7734194673656, 105.69078719739147, 98.66383792518457)
(112.69321247563225, 40.56000216810844, 32.34620094264683)
(131.8114237035274, 53.199866817494815, 43.41916508935062)
(137.18605426121343, 47.911186174132375, 36.50989737038556)
(172.87818417394718, 131.49329585027112, 120.22481486327449)
(165.66441086123498, 129.1343815504514, 121.43731131435834)
(207.18318877385434, 44.6040146909058, 37.01934124479128)
(94.84205581460179, 78.44502053027901, 92.41561695315103)
(158.84540263103148, 108.34978765909217, 104.13398208297083)
(166.31002431651612, 140.9680089993156, 136.81845783239325)
(177.68657196849034, 37.78970822750908, 42.65681885296514)
(124.59834536773982, 47.81117761357849, 40.251064506117)
(146.35740041166483, 58.55118732229158, 60.86263441004641)
(179.65264594644754, 42.49277159057417, 47.73704742352614)
(128.13723207212036, 19.895574388508393, 24.511824857534222)
(137.66276755544885, 89.19228792086933, 84.02152445385138)
(142.80733911960772, 86.09736141744057, 77.79927112298758)
(175.56919431364537, 10.362552356714467, 19.548166332585136)
(155.79237129610152, 107.52760815941329, 96.91824078832721)
(147.84224295689503, 60.200459680709635, 42.54873765871825)
(198.3151733329357, 16.835753115008092, 30.55233435227728)
(146.2913655042552, 60.5317578163914, 53.99886329480255)
(185.61152100303602, 135.58169532629972, 145.57519554058374)
(148.83364716754608, 27.325579260879362, 33.422953712411314)
(131.38700018958934, 25.411805212041717, 10.319824187873408)
(165.0959083551493, 89.20816587939021, 76.94546407972774)
(172.4900471800529, 122.2282647648542, 108.0830018688684)
(177.1423098546391, 121.38796312360391, 108.60243111793038)
(130.2055547360512, 7.276803694036173, 18.81803711164181)
(119.28553185944956, 23.636050652712562, 33.6511552113796)
(128.1392556126927, 70.33102684591096, 59.292252611986136)
(177.5880680472844, 108.08025443789234, 92.82341124258888)
(165.68199981810452, 107.15508393214539, 99.62866527200828)
(175.82975850985733, 62.791225946843205, 69.36837582183054)
(113.31059502204295, 39.571036570773906, 34.28204125264946)
(156.1352774463196, 30.003469570381398, 39.24572195707587)
(162.82855216784387, 111.69700542170263, 105.89210828145583)
(149.2920726551409, 82.04194193207465, 72.94939897279863)
(129.32575716719563, 44.58877982639245, 36.32049879424708)
(164.2571842642583, 110.99712375169072, 105.69733287565785)
(93.2768779249189, 13.084260275316835, 19.02549792092269)
(140.21894532772626, 79.28103364368893, 71.84714041662693)
(173.35714684987133, 120.54919462784949, 115.88345567150085)
(136.67473010274946, 66.9881559428357, 60.321437769112954)
(113.20563798078507, 41.22680479411121, 30.03607087116891)
(89.00127020007947, 12.154691835620833, 17.32521665179564)
(179.4297493271584, 13.106862573338287, 24.044663725066272)
(142.78994989522187, 49.33443420925223, 37.00118418544)
(155.05950309438558, 66.43182348196794, 96.43339851100657)
(192.11899652961242, 141.97383736608882, 139.89491192213322)
(150.7070325377217, 86.55641011737156, 77.52928276623435)
(180.4339017413764, 41.582558906943646, 45.372684896159015)
(143.49674888217595, 93.00708554173825, 86.17581203920514)
(165.70749721612688, 112.40879411389842, 101.95193788887025)
(174.76900006289856, 121.70281150946131, 114.11301112567728)
(159.43082311218134, 53.884087691280286, 62.898839028852876)
(168.1049845499681, 95.61839612981356, 76.08848506642867)
(168.6587385509397, 48.349458634299594, 56.149288852522396)
(180.86310409514837, 107.8690090397854, 78.93372523187128)
(159.72897110578808, 102.3523910922158, 95.55951261345216)
(93.61719960729985, 28.40134851153622, 22.18339594472036)
(147.54997555497135, 87.89667302234281, 78.52409064241954)
(109.33945338636819, 35.69184076202709, 27.70064198105915)
(132.4974214631598, 33.979469952070836, 48.07622540827471)
(107.307520697041, 15.698767560225233, 20.957708904983946)
(117.82453892142138, 38.306501630829196, 32.42079974784026)
(180.36112916943299, 131.5770282209705, 124.10997899689444)
(148.41679476514474, 67.52726554972826, 58.17990717097945)
(143.9066512815801, 22.46815850595827, 21.46989971020219)
(91.80182873628972, 6.348270774240914, 9.745270828884543)
